AEDAUD,20170601,0.3649,0.369,0.3649,0.369,0
AEDCAD,20170601,0.3667,0.3678,0.3663,0.3678,0
AEDCHF,20170601,0.2656,0.2656,0.2634,0.2644,0
AEDDKK,20170601,1.8117,1.8117,1.7998,1.8046,0
AEDEUR,20170601,0.2435,0.2435,0.2419,0.2426,0
AEDGBP,20170601,0.2125,0.2127,0.211,0.2113,0
AEDINR,20170601,17.59,17.59,17.524,17.529,0
AEDJPY,20170601,30.177,30.317,30.12,30.317,0
AEDNOK,20170601,2.2989,2.2993,2.2932,2.299,0
AEDNZD,20170601,0.3841,0.3854,0.3831,0.3854,0
AEDPKR,20170601,28.518,28.521,28.518,28.521,0
AEDSAR,20170601,1.0204,1.0206,1.0202,1.0204,0
AEDSEK,20170601,2.3758,2.3761,2.362,2.362,0
AEDUSD,20170601,0.2722,0.2722,0.2722,0.2722,0
AEDZAR,20170601,3.5674,3.5937,3.4994,3.5041,0
ALLGBP,20170601,0.0064,0.0064,0.0064,0.0064,0
ARSAUD,20170601,0.083,0.0846,0.0829,0.0844,0
ARSBRL,20170601,0.2017,0.2025,0.1998,0.2024,0
ARSCAD,20170601,0.0834,0.0843,0.0833,0.0842,0
ARSCHF,20170601,0.0604,0.0606,0.06,0.0605,0
ARSEUR,20170601,0.0554,0.0557,0.0551,0.0555,0
ARSGBP,20170601,0.0483,0.0485,0.048,0.0483,0
ARSHKD,20170601,0.4825,0.4866,0.4815,0.4853,0
ARSHUF,20170601,17.05,17.147,16.947,17.099,0
ARSJPY,20170601,6.863,6.948,6.853,6.935,0
ARSMXN,20170601,1.1592,1.1616,1.1548,1.1615,0
ARSSGD,20170601,0.0859,0.0865,0.0855,0.0863,0
ARSUSD,20170601,0.0619,0.0624,0.0619,0.0623,0
ARSZAR,20170601,0.8121,0.8175,0.8026,0.8029,0
AUDAED,20170601,2.74,2.74,2.71,2.71,0
AUDARS,20170601,12.039,12.0534,11.8285,11.8448,0
AUDBRL,20170601,2.4279,2.4288,2.3759,2.3955,0
AUDCAD,20170601,1.0046,1.006,0.9948,0.9975,0
AUDCHF,20170601,0.7278,0.7295,0.715,0.7166,0
AUDCNH,20170601,5.0896,5.1072,4.9705,4.9857,0
AUDCNY,20170601,5.1062,5.1137,5.005,5.0181,0
AUDCZK,20170601,17.663,17.706,17.295,17.314,0
AUDDKK,20170601,4.9649,4.977,4.884,4.8932,0
AUDEUR,20170601,0.6674,0.6691,0.6567,0.6579,0
AUDFJD,20170601,1.5503,1.5526,1.5198,1.5332,0
AUDGBP,20170601,0.5822,0.5833,0.5717,0.5727,0
AUDHKD,20170601,5.8106,5.8248,5.7435,5.7504,0
AUDHUF,20170601,205.28,205.81,202.05,202.44,0
AUDIDR,20170601,9769.4,9778.6,9671,9691.2,0
AUDILS,20170601,2.6416,2.6463,2.6145,2.6205,0
AUDINR,20170601,48.142,48.244,47.473,47.54,0
AUDJPY,20170601,82.662,82.946,81.905,82.209,0
AUDKRW,20170601,838.04,838.04,826.45,827.12,0
AUDMXN,20170601,13.9606,13.99,13.6894,13.762,0
AUDMYR,20170601,3.1928,3.1928,3.1601,3.163,0
AUDNOK,20170601,6.3008,6.3161,6.2168,6.2362,0
AUDNZD,20170601,1.0526,1.0538,1.0435,1.0451,0
AUDPHP,20170601,37.078,37.112,36.568,36.636,0
AUDPKR,20170601,78.198,78.198,77.994,77.994,0
AUDPLN,20170601,2.7853,2.7919,2.7439,2.7591,0
AUDSEK,20170601,6.5091,6.5275,6.3969,6.4043,0
AUDSGD,20170601,1.0332,1.0356,1.0212,1.0231,0
AUDTHB,20170601,25.428,25.457,25.146,25.184,0
AUDTRY,20170601,2.649,2.6525,2.5978,2.6053,0
AUDTWD,20170601,21.77,21.776,21.582,21.582,0
AUDUSD,20170601,0.7458,0.7476,0.7371,0.7381,0
AUDZAR,20170601,9.7821,9.8154,9.481,9.503,0
AWGUSD,20170601,0.5523,0.5525,0.5523,0.5525,0
BDTGBP,20170601,0.0095,0.0095,0.0094,0.0094,0
BDTJPY,20170601,1.3495,1.3501,1.3476,1.3501,0
BGNCNY,20170601,3.9111,3.9171,3.8896,3.8986,0
BGNDKK,20170601,3.7891,3.8057,3.7877,3.7882,0
BGNPLN,20170601,2.1343,2.1471,2.1304,2.1438,0
BGNUSD,20170601,0.5691,0.5745,0.5691,0.5711,0
BHDEUR,20170601,2.3574,2.3574,2.3422,2.3479,0
BHDPKR,20170601,277.83,277.83,277.74,277.76,0
BHDUSD,20170601,2.6335,2.634,2.6326,2.6326,0
BNDGBP,20170601,0.5559,0.5652,0.5508,0.5508,0
BRLARS,20170601,4.9559,4.9981,4.9337,4.9374,0
BRLAUD,20170601,0.4113,0.4202,0.4104,0.4165,0
BRLCAD,20170601,0.413,0.4189,0.4124,0.4153,0
BRLCHF,20170601,0.2994,0.3013,0.2976,0.2986,0
BRLEUR,20170601,0.2745,0.2768,0.2732,0.274,0
BRLHKD,20170601,2.3896,2.4172,2.3879,2.3943,0
BRLJPY,20170601,34.01,34.568,33.978,34.271,0
BRLKRW,20170601,344.99,348.187,342.919,344.822,0
BRLMXN,20170601,5.7456,5.7841,5.7097,5.7359,0
BRLRUB,20170601,17.396,17.589,17.31,17.313,0
BRLSEK,20170601,2.6774,2.7043,2.6681,2.6681,0
BRLSGD,20170601,0.4251,0.4299,0.4241,0.4261,0
BRLUSD,20170601,0.3068,0.3104,0.3068,0.3075,0
BRLZAR,20170601,4.0209,4.064,3.9646,3.9646,0
BWPCHF,20170601,0.0935,0.0935,0.0932,0.0933,0
BWPEUR,20170601,0.0858,0.0858,0.0856,0.0857,0
BWPGBP,20170601,0.075,0.075,0.0745,0.0745,0
BWPUSD,20170601,0.096,0.0964,0.096,0.096,0
BWPZAR,20170601,1.2743,1.2882,1.2518,1.2542,0
CADAED,20170601,2.7266,2.7334,2.7148,2.7173,0
CADARS,20170601,11.983,12.004,11.8663,11.8743,0
CADAUD,20170601,0.9953,1.005,0.9941,1.0022,0
CADBRL,20170601,2.4159,2.4198,2.3818,2.4026,0
CADCHF,20170601,0.7243,0.7255,0.7153,0.7182,0
CADCNH,20170601,5.067,5.067,5.067,5.067,0
CADCNY,20170601,5.0825,5.0869,5.0207,5.0302,0
CADDKK,20170601,4.9423,4.9526,4.8933,4.9049,0
CADEUR,20170601,0.6644,0.6658,0.6579,0.6594,0
CADGBP,20170601,0.5795,0.582,0.573,0.5741,0
CADHKD,20170601,5.7842,5.7958,5.759,5.7643,0
CADIDR,20170601,9722.7,9742.2,9685.1,9715,0
CADILS,20170601,2.6291,2.636,2.6151,2.6265,0
CADINR,20170601,47.922,47.977,47.623,47.657,0
CADISK,20170601,74.1128,74.24,72.9432,72.944,0
CADJPY,20170601,82.279,82.62,81.757,82.4,0
CADKRW,20170601,834.11,834.11,827.54,829.15,0
CADKWD,20170601,0.2249,0.2255,0.2239,0.2242,0
CADMXN,20170601,13.896,13.943,13.736,13.795,0
CADMYR,20170601,3.178,3.1828,3.1688,3.1711,0
CADNOK,20170601,6.2719,6.2877,6.2237,6.2505,0
CADNZD,20170601,1.0476,1.0503,1.0415,1.0473,0
CADPKR,20170601,77.803,77.803,77.775,77.775,0
CADPLN,20170601,2.7724,2.7788,2.7486,2.7642,0
CADRUB,20170601,41.99,42.22,41.648,41.74,0
CADSEK,20170601,6.4794,6.4993,6.4159,6.4192,0
CADSGD,20170601,1.0289,1.0302,1.0223,1.0256,0
CADTHB,20170601,25.309,25.336,25.164,25.243,0
CADTRY,20170601,2.6366,2.6383,2.6055,2.6114,0
CADTWD,20170601,21.673,21.678,21.606,21.649,0
CADUAH,20170601,19.634,19.634,19.634,19.634,0
CADUSD,20170601,0.7423,0.7442,0.7391,0.7399,0
CADZAR,20170601,9.7217,9.7748,9.5073,9.5238,0
CDFUSD,20170601,0.0007,0.0007,0.0007,0.0007,0
CHFAED,20170601,3.7633,3.7942,3.7633,3.7806,0
CHFARS,20170601,16.543,16.6671,16.4913,16.5265,0
CHFAUD,20170601,1.3739,1.3985,1.3705,1.3951,0
CHFBGN,20170601,1.7914,1.7914,1.7914,1.7914,0
CHFBRL,20170601,3.3348,3.3522,3.3136,3.3429,0
CHFBWP,20170601,10.397,10.439,10.397,10.424,0
CHFCAD,20170601,1.3799,1.3977,1.378,1.3918,0
CHFCNH,20170601,6.107,6.107,6.107,6.107,0
CHFCNY,20170601,7.0164,7.0402,6.9851,7.0014,0
CHFCZK,20170601,24.27,24.294,24.141,24.155,0
CHFDKK,20170601,6.8226,6.8433,6.8116,6.828,0
CHFEUR,20170601,0.917,0.9199,0.9162,0.918,0
CHFGBP,20170601,0.8,0.8037,0.7976,0.7992,0
CHFHKD,20170601,7.985,8.0586,7.9795,8.0246,0
CHFHUF,20170601,282.18,283.538,281.539,282.618,0
CHFIDR,20170601,13421,13532,13413.3,13521.5,0
CHFILS,20170601,3.6298,3.6606,3.6297,3.6557,0
CHFINR,20170601,66.154,66.65,66.059,66.331,0
CHFISK,20170601,102.21,102.64,101.21,101.24,0
CHFJPY,20170601,113.55,114.872,113.55,114.743,0
CHFKRW,20170601,1151.4,1156.75,1145.76,1154.01,0
CHFLVL,20170601,0.5671,0.5671,0.5671,0.5671,0
CHFMXN,20170601,19.183,19.338,19.099,19.203,0
CHFMYR,20170601,4.387,4.4319,4.3804,4.4134,0
CHFNOK,20170601,8.6563,8.7335,8.6523,8.7009,0
CHFNZD,20170601,1.4461,1.4628,1.4399,1.4578,0
CHFPKR,20170601,107.54,108.174,107.12,108.068,0
CHFPLN,20170601,3.8279,3.8597,3.8228,3.8481,0
CHFRON,20170601,4.1811,4.1943,4.1811,4.1885,0
CHFRUB,20170601,57.974,58.776,57.826,58.101,0
CHFSEK,20170601,8.9457,8.9932,8.9302,8.9348,0
CHFSGD,20170601,1.4206,1.4307,1.4164,1.4274,0
CHFSZL,20170601,13.24,13.294,13.24,13.253,0
CHFTHB,20170601,34.935,35.213,34.84,35.133,0
CHFTRY,20170601,3.6397,3.6578,3.623,3.6359,0
CHFTWD,20170601,29.929,30.129,29.929,30.119,0
CHFUSD,20170601,1.0245,1.034,1.0244,1.0299,0
CHFUZS,20170601,3965.5,3970.9,3955.1,3964.3,0
CHFZAR,20170601,13.4328,13.6384,13.2325,13.2569,0
CLPEUR,20170601,0.0013,0.0013,0.0013,0.0013,0
CLPGBP,20170601,0.0012,0.0012,0.0012,0.0012,0
CLPUSD,20170601,0.0015,0.0015,0.0015,0.0015,0
CNHHKD,20170601,1.1413,1.1571,1.1398,1.153,0
CNHIDR,20170601,1953,1953,1953,1953,0
CNHINR,20170601,9.46,9.46,9.46,9.46,0
CNHJPY,20170601,16.233,16.5028,16.223,16.4822,0
CNHKRW,20170601,164.3,164.3,164.3,164.3,0
CNHPHP,20170601,7.2988,7.2988,7.2988,7.2988,0
CNHTHB,20170601,5.002,5.002,5.002,5.002,0
CNHTWD,20170601,4.422,4.422,4.422,4.422,0
CNYAUD,20170601,0.1955,0.1994,0.1955,0.199,0
CNYBGN,20170601,0.255,0.2564,0.2539,0.2558,0
CNYCAD,20170601,0.1965,0.1989,0.1964,0.1986,0
CNYCHF,20170601,0.1423,0.143,0.1418,0.1426,0
CNYDKK,20170601,0.97,0.9749,0.9656,0.9729,0
CNYEUR,20170601,0.1304,0.1311,0.1298,0.1308,0
CNYGBP,20170601,0.1138,0.1147,0.1136,0.114,0
CNYHKD,20170601,1.1366,1.1481,1.1365,1.1446,0
CNYJPY,20170601,16.146,16.364,16.144,16.343,0
CNYKRW,20170601,163.86,164.89,163.41,164.6,0
CNYMYR,20170601,0.5718,0.5718,0.5718,0.5718,0
CNYNZD,20170601,0.2057,0.2085,0.2056,0.208,0
CNYPLN,20170601,0.545,0.5502,0.5446,0.5491,0
CNYUSD,20170601,0.1459,0.1474,0.1459,0.1469,0
CNYZAR,20170601,1.9114,1.9371,1.8872,1.8907,0
COPDKK,20170601,0.0023,0.0023,0.0022,0.0022,0
COPPLN,20170601,0.0013,0.0013,0.0013,0.0013,0
CRCGBP,20170601,0.0014,0.0014,0.0014,0.0014,0
CYPZAR,20170601,25.036,25.35,24.629,24.677,0
CZKCHF,20170601,0.0411,0.0414,0.0411,0.0413,0
CZKDKK,20170601,0.2808,0.2824,0.2806,0.2823,0
CZKEUR,20170601,0.0378,0.038,0.0377,0.038,0
CZKJPY,20170601,4.6759,4.7442,4.6746,4.7442,0
CZKMXN,20170601,0.7896,0.7973,0.7872,0.794,0
CZKNOK,20170601,0.3563,0.3602,0.3559,0.3598,0
CZKPLN,20170601,0.1575,0.1595,0.1573,0.1591,0
CZKSEK,20170601,0.3683,0.3715,0.368,0.3697,0
CZKUSD,20170601,0.0422,0.0427,0.0421,0.0426,0
DJFGBP,20170601,0.0043,0.0043,0.0042,0.0042,0
DKKAED,20170601,0.5513,0.5549,0.5513,0.5534,0
DKKAUD,20170601,0.2014,0.2047,0.2009,0.2043,0
DKKBGN,20170601,0.2619,0.263,0.2619,0.2619,0
DKKCAD,20170601,0.2023,0.2043,0.2019,0.2038,0
DKKCHF,20170601,14.653,14.665,14.576,14.642,0
DKKCNY,20170601,1.0283,1.0303,1.0225,1.0251,0
DKKCOP,20170601,429.86,433.49,429.86,433.49,0
DKKCZK,20170601,3.556,3.559,3.535,3.537,0
DKKEUR,20170601,0.1344,0.1345,0.1344,0.1344,0
DKKGBP,20170601,0.1172,0.1177,0.1167,0.117,0
DKKHKD,20170601,1.1703,1.179,1.1692,1.175,0
DKKHUF,20170601,41.354,41.465,41.247,41.375,0
DKKINR,20170601,9.7089,9.7519,9.6829,9.7053,0
DKKISK,20170601,14.997,15.024,14.837,14.841,0
DKKJPY,20170601,16.646,16.814,16.6371,16.8008,0
DKKLVL,20170601,0.0941,0.0941,0.0941,0.0941,0
DKKMXN,20170601,2.8113,2.8309,2.7956,2.8121,0
DKKMYR,20170601,0.6429,0.6485,0.6418,0.6463,0
DKKNOK,20170601,1.2685,1.2776,1.2682,1.274,0
DKKNZD,20170601,0.2119,0.2141,0.211,0.2135,0
DKKPHP,20170601,7.4634,7.5195,7.4563,7.487,0
DKKPKR,20170601,15.741,15.853,15.706,15.83,0
DKKPLN,20170601,0.5609,0.565,0.5601,0.5635,0
DKKSEK,20170601,1.3111,1.316,1.3079,1.3086,0
DKKSGD,20170601,0.2082,0.2094,0.2077,0.209,0
DKKTHB,20170601,5.1239,5.1657,5.111,5.1497,0
DKKTRY,20170601,0.5334,0.5349,0.5308,0.5324,0
DKKTWD,20170601,4.3881,4.4109,4.3881,4.4109,0
DKKUAH,20170601,3.9068,3.9264,3.9068,3.9257,0
DKKUSD,20170601,0.1502,0.1513,0.1501,0.1508,0
DKKZAR,20170601,1.9687,1.9947,1.9379,1.9418,0
DOPGBP,20170601,0.0166,0.0166,0.0164,0.0164,0
DZDEUR,20170601,0.0082,0.0082,0.0082,0.0082,0
DZDUSD,20170601,0.0092,0.0092,0.0092,0.0092,0
EGPEUR,20170601,0.0497,0.0497,0.0491,0.0495,0
EGPJPY,20170601,6.146,6.179,6.104,6.179,0
EGPPKR,20170601,5.819,5.819,5.771,5.773,0
EGPUSD,20170601,0.0555,0.0555,0.0551,0.0555,0
ETBGBP,20170601,0.0337,0.0337,0.0334,0.0334,0
EURAED,20170601,4.101,4.129,4.101,4.115,0
EURAFN,20170601,75.12,75.66,75.12,75.64,0
EURALL,20170601,131.7,131.7,131.6,131.6,0
EURAMD,20170601,507.06,512.7,507.06,511.46,0
EURARS,20170601,18.0351,18.1468,17.9515,18.0002,0
EURAUD,20170601,1.498,1.5227,1.4943,1.5197,0
EURBAM,20170601,1.9458,1.9458,1.9458,1.9458,0
EURBBD,20170601,2.182,2.1979,2.182,2.1979,0
EURBDT,20170601,88.289,88.921,88.289,88.921,0
EURBGN,20170601,1.9483,1.9562,1.9481,1.9484,0
EURBHD,20170601,0.4182,0.4211,0.4182,0.4199,0
EURBIF,20170601,1896.12,1909.15,1896.12,1909.15,0
EURBND,20170601,1.5208,1.5564,1.5208,1.5302,0
EURBOB,20170601,7.5519,7.6034,7.5519,7.6034,0
EURBRL,20170601,3.6357,3.6475,3.607,3.6414,0
EURBSD,20170601,1.1084,1.1158,1.1084,1.1158,0
EURBWP,20170601,11.3388,11.3581,11.3388,11.3558,0
EURBYR,20170601,16849,16849,16849,16849,0
EURBZD,20170601,2.1919,2.2068,2.1919,2.2068,0
EURCAD,20170601,1.5049,1.5199,1.5016,1.5161,0
EURCHF,20170601,1.0902,1.0911,1.0869,1.0891,0
EURCLP,20170601,738.49,742.84,738.49,741.77,0
EURCNH,20170601,7.6256,7.642,7.5647,7.5778,0
EURCNY,20170601,7.6494,7.6632,7.6155,7.625,0
EURCOP,20170601,3198,3225,3198,3225,0
EURCRC,20170601,629.57,629.57,627.11,627.11,0
EURCUP,20170601,1.085,1.093,1.085,1.093,0
EURCVE,20170601,110.27,110.27,110.27,110.27,0
EURCZK,20170601,26.4662,26.489,26.3052,26.314,0
EURDJF,20170601,194.71,196.03,194.71,196.03,0
EURDKK,20170601,7.4389,7.4401,7.4358,7.438,0
EURDOP,20170601,51.913,52.263,51.913,52.263,0
EURDZD,20170601,120.721,121.282,120.718,120.973,0
EUREGP,20170601,20.086,20.329,20.086,20.165,0
EURETB,20170601,25.4149,25.5853,25.4149,25.5853,0
EURFJD,20170601,2.322,2.3348,2.3039,2.3318,0
EURGBP,20170601,0.8721,0.8755,0.8684,0.8706,0
EURGHS,20170601,4.7711,4.8086,4.7711,4.8086,0
EURGNF,20170601,10071.1,10119.3,10071.1,10105.5,0
EURGTQ,20170601,7.998,8.056,7.998,8.056,0
EURHKD,20170601,8.7055,8.7693,8.6985,8.7403,0
EURHNL,20170601,25.74,25.885,25.74,25.885,0
EURHRK,20170601,7.4146,7.4149,7.4115,7.4126,0
EURHTG,20170601,75.47,75.91,75.47,75.91,0
EURHUF,20170601,307.689,308.451,306.858,307.897,0
EURIDR,20170601,14630.77,14728.3,14630.77,14728.3,0
EURILS,20170601,3.9568,3.9899,3.9504,3.9785,0
EURINR,20170601,72.122,72.5214,72.0178,72.2506,0
EURIQD,20170601,1272.76,1281.41,1272.76,1281.41,0
EURISK,20170601,111.56,111.752,110.369,110.392,0
EURJMD,20170601,143.478,144.443,143.478,144.443,0
EURJOD,20170601,0.7857,0.7906,0.7857,0.7882,0
EURJPY,20170601,123.827,125.085,123.817,124.976,0
EURKES,20170601,113.41,114.27,113.41,113.97,0
EURKHR,20170601,4441.3,4471.4,4441.3,4471.4,0
EURKRW,20170601,1255.2,1260.2,1248.8,1256.9,0
EURKWD,20170601,0.338,0.3403,0.338,0.3395,0
EURKYD,20170601,0.9095,0.9157,0.9095,0.9157,0
EURKZT,20170601,344.92,348.02,344.92,348.02,0
EURLAK,20170601,8900,8969.7,8900,8969.7,0
EURLBP,20170601,1642.2,1653.4,1642.2,1653.4,0
EURLKR,20170601,167.13,168.17,167.13,168.17,0
EURLSL,20170601,14.4261,14.4275,14.4022,14.4022,0
EURLTL,20170601,3.4528,3.4528,3.4528,3.4528,0
EURLVL,20170601,0.7016,0.7016,0.7016,0.7016,0
EURLYD,20170601,1.5282,1.5379,1.5282,1.5373,0
EURMAD,20170601,10.621,10.648,10.594,10.636,0
EURMDL,20170601,20.006,20.18,20.006,20.18,0
EURMKD,20170601,61.122,61.223,61.084,61.1,0
EURMMK,20170601,1504.398,1515.282,1504.398,1509.479,0
EURMOP,20170601,8.7527,8.8112,8.7527,8.8112,0
EURMRO,20170601,395.04,397.72,395.04,397.72,0
EURMUR,20170601,37.44,37.63,37.38,37.44,0
EURMVR,20170601,17.238,17.275,17.238,17.275,0
EURMWK,20170601,805.872,811.249,801.085,811.249,0
EURMXN,20170601,20.916,21.066,20.797,20.916,0
EURMYR,20170601,4.6966,4.8142,4.6966,4.7345,0
EURNAD,20170601,14.4261,14.4275,14.4022,14.4022,0
EURNGN,20170601,359,359,349.9,350.4,0
EURNIO,20170601,32.72,32.94,32.72,32.94,0
EURNOK,20170601,9.4393,9.5059,9.4347,9.4773,0
EURNPR,20170601,113.645,114.249,113.645,114.249,0
EURNZD,20170601,1.576,1.5929,1.5699,1.588,0
EUROMR,20170601,0.4286,0.4321,0.4286,0.4301,0
EURPAB,20170601,1.0904,1.0978,1.0904,1.0978,0
EURPEN,20170601,3.5729,3.687,3.5729,3.5921,0
EURPGK,20170601,3.4605,3.484,3.4605,3.484,0
EURPHP,20170601,55.522,55.942,55.47,55.691,0
EURPKR,20170601,117.19,117.19,115.95,116.107,0
EURPLN,20170601,4.1738,4.203,4.1691,4.1924,0
EURPYG,20170601,6112,6143.6,6112,6143.6,0
EURQAR,20170601,4.0644,4.0908,4.0644,4.0798,0
EURRON,20170601,4.5666,4.5693,4.5593,4.5643,0
EURRSD,20170601,122.443,122.546,122.212,122.304,0
EURRUB,20170601,63.3658,63.931,63.055,63.155,0
EURRWF,20170601,926.56,932.95,926.56,932.95,0
EURSAR,20170601,4.185,4.2158,4.185,4.2009,0
EURSCR,20170601,14.217,14.221,14.102,14.149,0
EURSEK,20170601,9.7504,9.7906,9.7318,9.734,0
EURSGD,20170601,1.5488,1.5578,1.5449,1.5549,0
EURSOS,20170601,605.2,609.5,605.2,609.5,0
EURSTD,20170601,24500,24500,24500,24500,0
EURSVC,20170601,9.52,9.59,9.52,9.59,0
EURSZL,20170601,14.4399,14.4647,14.4372,14.4372,0
EURTHB,20170601,38.109,38.408,37.946,38.293,0
EURTND,20170601,2.711,2.7456,2.6971,2.724,0
EURTRY,20170601,3.9683,3.9805,3.9479,3.9598,0
EURTTD,20170601,7.3565,7.4063,7.3565,7.4063,0
EURTWD,20170601,32.643,32.809,32.643,32.809,0
EURTZS,20170601,2443.99,2509.4,2443.99,2462.79,0
EURUAH,20170601,29.0624,29.2038,29.0624,29.2012,0
EURUGX,20170601,3975.9,3993.9,3975.9,3989.2,0
EURUSD,20170601,1.1173,1.1257,1.1164,1.1215,0
EURUYU,20170601,31.015,31.124,31.015,31.124,0
EURUZS,20170601,4288.77,4288.77,4277.35,4283.57,0
EURVEF,20170601,11.16,11.1635,11.16,11.1635,0
EURVND,20170601,24931,25096,24931,25096,0
EURXAF,20170601,655.957,655.957,655.957,655.957,0
EURXOF,20170601,655.957,655.957,655.957,655.957,0
EURXPF,20170601,119.26,119.26,119.26,119.26,0
EURYER,20170601,279.02,281.23,279.02,280.36,0
EURZAR,20170601,14.6473,14.8407,14.4158,14.4501,0
FJDGBP,20170601,0.3718,0.374,0.3696,0.3698,0
FJDUSD,20170601,0.4762,0.4817,0.4757,0.4763,0
GBPAED,20170601,4.7035,4.736,4.7008,4.7312,0
GBPALL,20170601,150.82,151.06,150.8,151.06,0
GBPARS,20170601,20.679,20.8361,20.6218,20.6795,0
GBPAUD,20170601,1.7174,1.7492,1.714,1.746,0
GBPBDT,20170601,101.09,102.16,101.09,102.16,0
GBPBGN,20170601,2.2338,2.2483,2.2302,2.2377,0
GBPBHD,20170601,0.4793,0.4825,0.4793,0.4825,0
GBPBIF,20170601,2171.5,2193.6,2171.5,2193.6,0
GBPBMD,20170601,1.2809,1.2905,1.2783,1.2886,0
GBPBND,20170601,1.7418,1.7891,1.7418,1.7582,0
GBPBRL,20170601,4.1709,4.1915,4.1405,4.1863,0
GBPBWP,20170601,12.976,13.047,12.976,13.047,0
GBPCAD,20170601,1.7254,1.7449,1.7174,1.7417,0
GBPCHF,20170601,1.2498,1.2537,1.2439,1.2513,0
GBPCLP,20170601,862.73,868.9,861.81,867.45,0
GBPCNH,20170601,8.744,8.767,8.66,8.71,0
GBPCNY,20170601,8.77,8.794,8.715,8.759,0
GBPCOP,20170601,3661.4,3691.3,3661.4,3691.3,0
GBPCRC,20170601,737.03,739.36,733.45,736.68,0
GBPCZK,20170601,30.331,30.365,30.086,30.237,0
GBPDJF,20170601,222.94,225.24,222.94,225.24,0
GBPDKK,20170601,8.526,8.565,8.497,8.548,0
GBPDOP,20170601,60.368,61.144,60.343,60.974,0
GBPDZD,20170601,138.41,139.06,138.4,139.04,0
GBPEGP,20170601,23.025,23.3253,23.025,23.1651,0
GBPETB,20170601,29.1,29.37,29.1,29.37,0
GBPEUR,20170601,1.1465,1.1514,1.1421,1.1492,0
GBPFJD,20170601,2.6617,2.6775,2.6467,2.6765,0
GBPGTQ,20170601,9.388,9.485,9.383,9.485,0
GBPHKD,20170601,9.983,10.069,9.947,10.04,0
GBPHNL,20170601,30.088,30.332,30.032,30.319,0
GBPHRK,20170601,8.5017,8.5278,8.4774,8.5142,0
GBPHTG,20170601,87.576,88.406,87.542,88.373,0
GBPHUF,20170601,352.6,354.2,351.1,353.4,0
GBPIDR,20170601,16776,17171,16774,16919,0
GBPILS,20170601,4.5368,4.5815,4.5267,4.5747,0
GBPINR,20170601,82.802,83.3034,82.3917,82.9421,0
GBPIQD,20170601,1457.7,1472.3,1457.7,1472.3,0
GBPISK,20170601,127.83,127.83,127.21,127.21,0
GBPJMD,20170601,164.29,165.95,164.29,165.95,0
GBPJOD,20170601,0.9062,0.9143,0.9062,0.9111,0
GBPJPY,20170601,141.968,143.698,141.486,143.611,0
GBPKES,20170601,130,133.5,130,131,0
GBPKRW,20170601,1439.2,1445.8,1429.1,1444,0
GBPKWD,20170601,0.3876,0.3903,0.3876,0.3901,0
GBPKZT,20170601,394.94,399.84,394.94,399.84,0
GBPLBP,20170601,1880.7,1892.7,1880.7,1892.7,0
GBPLKR,20170601,191.26,196.23,191.26,193.23,0
GBPLTL,20170601,4.4496,4.4496,4.4496,4.4496,0
GBPLVL,20170601,0.8482,0.8482,0.8482,0.8482,0
GBPMAD,20170601,12.178,12.221,12.134,12.217,0
GBPMUR,20170601,42.929,43.154,42.882,43.02,0
GBPMVR,20170601,19.815,19.815,19.782,19.782,0
GBPMWK,20170601,922.7,932.1,916.4,932.1,0
GBPMXN,20170601,23.977,24.155,23.818,24.026,0
GBPMYR,20170601,5.4834,5.5318,5.4722,5.5222,0
GBPNGN,20170601,416.93,419.31,405.39,405.58,0
GBPNIO,20170601,38.04,38.577,38.016,38.423,0
GBPNOK,20170601,10.822,10.9116,10.7929,10.8919,0
GBPNZD,20170601,1.8076,1.827,1.799,1.8249,0
GBPOMR,20170601,0.4915,0.4952,0.4912,0.4942,0
GBPPEN,20170601,4.202,4.222,4.1823,4.2196,0
GBPPGK,20170601,3.9621,4.0028,3.9621,4.0028,0
GBPPHP,20170601,63.663,64.243,63.57,63.987,0
GBPPKR,20170601,134.7,134.8,134.5,134.8,0
GBPPLN,20170601,4.7836,4.8318,4.7689,4.8179,0
GBPQAR,20170601,4.6618,4.6889,4.6603,4.6889,0
GBPRON,20170601,5.2375,5.2526,5.2188,5.2428,0
GBPRSD,20170601,140.37,140.79,139.65,140.52,0
GBPRUB,20170601,72.423,73.381,72.251,72.655,0
GBPSAR,20170601,4.7986,4.8399,4.7904,4.8262,0
GBPSCR,20170601,16.301,16.314,16.151,16.252,0
GBPSEK,20170601,11.1789,11.2294,11.1537,11.1871,0
GBPSGD,20170601,1.7756,1.7896,1.767,1.7864,0
GBPSZL,20170601,16.537,16.588,16.537,16.588,0
GBPTHB,20170601,43.7,44.1,43.5,44,0
GBPTND,20170601,3.1083,3.1558,3.0926,3.1284,0
GBPTRY,20170601,4.5493,4.5694,4.5212,4.5488,0
GBPTTD,20170601,8.425,8.478,8.425,8.478,0
GBPTWD,20170601,38.553,38.903,38.494,38.779,0
GBPTZS,20170601,2799,2884,2799,2827,0
GBPUAH,20170601,33.277,33.549,33.277,33.549,0
GBPUGX,20170601,4552,4583,4552,4583,0
GBPUSD,20170601,1.2809,1.292,1.2769,1.2886,0
GBPVND,20170601,28551,28834,28551,28834,0
GBPXAF,20170601,751.21,752.98,751.15,752.98,0
GBPXCD,20170601,3.4433,3.4687,3.4375,3.4641,0
GBPXPF,20170601,136.58,137.77,136.24,137.04,0
GBPZAR,20170601,16.785,17.0424,16.5623,16.6039,0
GHSEUR,20170601,0.2074,0.2074,0.2058,0.2058,0
GHSUSD,20170601,0.232,0.232,0.2308,0.2308,0
GTQGBP,20170601,0.1065,0.1066,0.1054,0.1054,0
HKDARS,20170601,2.0714,2.0733,2.0563,2.0596,0
HKDAUD,20170601,0.1721,0.1741,0.1717,0.1739,0
HKDBRL,20170601,0.4176,0.4178,0.4128,0.4168,0
HKDCAD,20170601,0.1728,0.1736,0.1725,0.1735,0
HKDCHF,20170601,0.1252,0.1253,0.1241,0.1247,0
HKDCNY,20170601,0.8786,0.8786,0.8704,0.8725,0
HKDDKK,20170601,0.8543,0.8551,0.8481,0.8513,0
HKDEUR,20170601,0.1148,0.115,0.114,0.1145,0
HKDGBP,20170601,0.1002,0.1005,0.0993,0.0996,0
HKDIDR,20170601,1680.6,1711.1,1678.1,1685.3,0
HKDINR,20170601,8.2834,8.2853,8.2566,8.2663,0
HKDJPY,20170601,14.222,14.307,14.175,14.302,0
HKDKRW,20170601,144.19,144.19,143.31,143.82,0
HKDMXN,20170601,2.4021,2.4088,2.3808,2.3933,0
HKDMYR,20170601,0.5493,0.5504,0.5485,0.55,0
HKDNZD,20170601,0.1811,0.1818,0.1802,0.1817,0
HKDPKR,20170601,13.442,13.446,13.442,13.446,0
HKDPLN,20170601,0.4793,0.4813,0.4765,0.4798,0
HKDSEK,20170601,1.1198,1.1223,1.1126,1.1143,0
HKDSGD,20170601,0.1779,0.178,0.1773,0.1779,0
HKDTHB,20170601,4.3749,4.384,4.3616,4.3786,0
HKDTWD,20170601,3.7453,3.7552,3.7412,3.7552,0
HKDUSD,20170601,0.1283,0.1284,0.1283,0.1283,0
HKDZAR,20170601,1.6828,1.6943,1.6501,1.6539,0
HNLGBP,20170601,0.0332,0.0333,0.033,0.033,0
HRKEUR,20170601,0.1348,0.1348,0.1348,0.1348,0
HRKPLN,20170601,0.5628,0.5661,0.5624,0.5655,0
HRKUSD,20170601,0.1506,0.1517,0.1505,0.1513,0
HTGGBP,20170601,0.0114,0.0114,0.0113,0.0113,0
HUFARS,20170601,0.0585,0.0589,0.0583,0.0584,0
HUFCHF,20170601,0.0035,0.0036,0.0035,0.0035,0
HUFDKK,20170601,0.0242,0.0242,0.0241,0.0241,0
HUFEUR,20170601,0.0033,0.0033,0.0032,0.0033,0
HUFPLN,20170601,0.0136,0.0137,0.0135,0.0136,0
HUFUSD,20170601,0.0036,0.0037,0.0036,0.0036,0
IDRAUD,20170601,0.0101,0.0102,0.0101,0.0102,0
IDRCAD,20170601,1.0123,1.0168,1.0099,1.0133,0
IDRCHF,20170601,0.0073,0.0073,0.0073,0.0073,0
IDRCNY,20170601,0.0515,0.0515,0.0509,0.0509,0
IDREUR,20170601,0.0066,0.0066,0.0066,0.0066,0
IDRGBP,20170601,0.0059,0.0059,0.0058,0.0058,0
IDRHKD,20170601,0.0006,0.0006,0.0006,0.0006,0
IDRINR,20170601,0.0049,0.0049,0.0048,0.0048,0
IDRJPY,20170601,0.8332,0.8357,0.8317,0.8349,0
IDRKRW,20170601,8.447,8.447,8.393,8.402,0
IDRMYR,20170601,0.0321,0.0322,0.0321,0.0322,0
IDRNZD,20170601,0.0106,0.0107,0.0106,0.0106,0
IDRSGD,20170601,0.0104,0.0104,0.0104,0.0104,0
IDRTHB,20170601,0.2563,0.2567,0.2556,0.2559,0
IDRTWD,20170601,0.2197,0.2197,0.2193,0.2193,0
IDRUSD,20170601,0.0075,0.0075,0.0075,0.0075,0
IDRZAR,20170601,0.0986,0.0991,0.0965,0.0966,0
ILSAUD,20170601,0.3782,0.3821,0.3777,0.3813,0
ILSCAD,20170601,0.38,0.3819,0.3791,0.3804,0
ILSCHF,20170601,0.2753,0.2753,0.2729,0.2733,0
ILSJOD,20170601,0.2001,0.2005,0.1994,0.1995,0
ILSJPY,20170601,31.267,31.359,31.226,31.352,0
ILSPLN,20170601,1.0547,1.0559,1.0474,1.052,0
ILSSEK,20170601,2.4544,2.4667,2.441,2.4442,0
ILSUSD,20170601,0.2821,0.2829,0.2813,0.2814,0
INRAUD,20170601,0.0207,0.021,0.0207,0.021,0
INRCAD,20170601,0.0208,0.021,0.0208,0.021,0
INRCHF,20170601,0.0151,0.0151,0.015,0.0151,0
INRCNY,20170601,0.1059,0.106,0.1052,0.1054,0
INREUR,20170601,0.0138,0.0139,0.0138,0.0138,0
INRGBP,20170601,0.0121,0.0121,0.012,0.012,0
INRHKD,20170601,0.1206,0.121,0.1206,0.1208,0
INRJPY,20170601,1.715,1.729,1.715,1.727,0
INRKRW,20170601,17.386,17.413,17.307,17.379,0
INRMYR,20170601,0.0662,0.0666,0.0662,0.0666,0
INRNZD,20170601,0.0218,0.022,0.0218,0.022,0
INRPKR,20170601,1.6224,1.6254,1.6224,1.6254,0
INRSEK,20170601,0.135,0.1355,0.1344,0.1346,0
INRTHB,20170601,0.5275,0.5304,0.5265,0.5291,0
INRTWD,20170601,0.4515,0.4538,0.4515,0.4538,0
INRUSD,20170601,0.0155,0.0155,0.0155,0.0155,0
INRZAR,20170601,0.203,0.2046,0.1994,0.1995,0
IQDGBP,20170601,0.0007,0.0007,0.0007,0.0007,0
ISKCHF,20170601,0.0097,0.0098,0.0097,0.0098,0
ISKDKK,20170601,0.0665,0.0672,0.0665,0.0672,0
ISKGBP,20170601,0.0078,0.0079,0.0078,0.0079,0
ISKNOK,20170601,0.0844,0.0855,0.0844,0.0855,0
ISKSEK,20170601,0.0875,0.088,0.0872,0.088,0
JMDGBP,20170601,0.0059,0.0059,0.0059,0.0059,0
JODAED,20170601,5.1706,5.1771,5.1704,5.1721,0
JODEUR,20170601,1.2503,1.2503,1.2503,1.2503,0
JODILS,20170601,4.9938,5.0117,4.9841,5.0098,0
JODUSD,20170601,1.4035,1.4053,1.4035,1.4041,0
JPYAED,20170601,0.0331,0.0332,0.033,0.033,0
JPYARS,20170601,0.1457,0.1459,0.1438,0.1441,0
JPYAUD,20170601,0.0121,0.0122,0.012,0.0122,0
JPYBRL,20170601,0.0294,0.0294,0.0289,0.0292,0
JPYCAD,20170601,0.0122,0.0122,0.0121,0.0121,0
JPYCHF,20170601,0.8794,0.8801,0.8703,0.8713,0
JPYCLP,20170601,6.0897,6.0897,6.0283,6.0364,0
JPYCNY,20170601,0.0618,0.0618,0.0609,0.061,0
JPYCZK,20170601,0.2137,0.2137,0.2105,0.2105,0
JPYDKK,20170601,0.0599,0.0599,0.0593,0.0594,0
JPYEUR,20170601,0.0081,0.0081,0.008,0.008,0
JPYGBP,20170601,0.007,0.0071,0.0069,0.007,0
JPYHKD,20170601,0.0703,0.0705,0.0699,0.07,0
JPYIDR,20170601,118.16,118.4,117.75,117.9,0
JPYILS,20170601,0.032,0.032,0.0319,0.0319,0
JPYINR,20170601,0.5824,0.5833,0.5776,0.5781,0
JPYISK,20170601,0.8953,0.8953,0.8932,0.8932,0
JPYKRW,20170601,10.137,10.137,10.053,10.0618,0
JPYLVL,20170601,0.4912,0.4912,0.4912,0.4912,0
JPYMXN,20170601,0.1689,0.1693,0.1666,0.1674,0
JPYMYR,20170601,0.0386,0.0388,0.0385,0.0385,0
JPYNOK,20170601,0.076,0.0762,0.0756,0.0757,0
JPYNZD,20170601,0.0127,0.0128,0.0127,0.0127,0
JPYPKR,20170601,0.9453,0.9453,0.9442,0.9442,0
JPYPLN,20170601,0.0337,0.0337,0.0335,0.0336,0
JPYRUB,20170601,0.5101,0.5146,0.5042,0.5059,0
JPYSEK,20170601,0.0786,0.0787,0.0778,0.0778,0
JPYTHB,20170601,0.3076,0.3077,0.3062,0.3063,0
JPYTWD,20170601,0.2633,0.2633,0.2627,0.2627,0
JPYUSD,20170601,0.009,0.009,0.009,0.009,0
JPYZAR,20170601,0.1183,0.1194,0.1155,0.1155,0
KESEUR,20170601,0.0085,0.0085,0.0085,0.0085,0
KESUSD,20170601,0.0095,0.0096,0.0095,0.0095,0
KESZAR,20170601,0.1248,0.1256,0.1227,0.1227,0
KMFUSD,20170601,0.0023,0.0023,0.0023,0.0023,0
KRWAUD,20170601,0.1192,0.1209,0.1192,0.1207,0
KRWBRL,20170601,0.0029,0.0029,0.0029,0.0029,0
KRWCAD,20170601,0.1197,0.1207,0.1197,0.1204,0
KRWCHF,20170601,0.0867,0.0872,0.0863,0.0866,0
KRWCNY,20170601,0.6087,0.6098,0.6046,0.6059,0
KRWEUR,20170601,0.0795,0.0797,0.0792,0.0794,0
KRWGBP,20170601,0.0694,0.0699,0.0691,0.0692,0
KRWHKD,20170601,0.6926,0.6967,0.6926,0.6944,0
KRWIDR,20170601,11.642,11.7197,11.642,11.7027,0
KRWINR,20170601,5.7444,5.7671,5.7342,5.7374,0
KRWJPY,20170601,9.852,9.933,9.852,9.924,0
KRWMYR,20170601,0.3806,0.3831,0.3806,0.3819,0
KRWNZD,20170601,0.1254,0.1264,0.1253,0.1261,0
KRWRUB,20170601,0.0503,0.0509,0.0501,0.0503,0
KRWSEK,20170601,0.0078,0.0078,0.0077,0.0077,0
KRWSGD,20170601,0.0012,0.0012,0.0012,0.0012,0
KRWTHB,20170601,3.0305,3.0447,3.0305,3.0406,0
KRWTWD,20170601,2.5975,2.6128,2.5975,2.607,0
KRWUSD,20170601,0.0888,0.0893,0.0888,0.089,0
KRWZAR,20170601,1.1653,1.1758,1.1471,1.148,0
KWDAED,20170601,12.097,12.103,12.082,12.096,0
KWDGBP,20170601,2.5651,2.5652,2.5482,2.5486,0
KWDPKR,20170601,345.03,345.05,345.03,345.05,0
KWDUSD,20170601,3.2858,3.2858,3.2833,3.2838,0
KZTGBP,20170601,0.0025,0.0025,0.0025,0.0025,0
LBPUSD,20170601,0.0007,0.0007,0.0007,0.0007,0
LKRUSD,20170601,0.0064,0.0064,0.0064,0.0064,0
LRDUSD,20170601,0.0103,0.0103,0.0103,0.0103,0
LTLEUR,20170601,0.2893,0.2893,0.2893,0.2893,0
LTLLVL,20170601,0.2032,0.2032,0.2032,0.2032,0
LTLPLN,20170601,1.2089,1.216,1.2076,1.2143,0
LTLUSD,20170601,0.3409,0.3409,0.3409,0.3409,0
MADGBP,20170601,0.0777,0.0778,0.0774,0.0775,0
MADUSD,20170601,0.0996,0.1,0.0996,0.0998,0
MDLEUR,20170601,0.0491,0.0491,0.0487,0.0489,0
MDLUSD,20170601,0.0549,0.0549,0.0541,0.0541,0
MKDUSD,20170601,0.018,0.0181,0.018,0.0181,0
MUREUR,20170601,0.0248,0.0248,0.0248,0.0248,0
MURGBP,20170601,0.0216,0.0216,0.0215,0.0215,0
MURUSD,20170601,0.0277,0.0278,0.0277,0.0278,0
MURZAR,20170601,0.3623,0.3635,0.3576,0.3576,0
MVRUSD,20170601,0.0633,0.0633,0.0633,0.0633,0
MWKGBP,20170601,0.0011,0.0011,0.0011,0.0011,0
MXNARS,20170601,0.8623,0.8653,0.8605,0.8605,0
MXNAUD,20170601,0.0716,0.073,0.0715,0.0726,0
MXNBRL,20170601,0.1738,0.1747,0.1726,0.1741,0
MXNCAD,20170601,0.0719,0.0728,0.0717,0.0725,0
MXNCHF,20170601,0.0521,0.0523,0.0517,0.0521,0
MXNCZK,20170601,1.2647,1.2683,1.2519,1.2574,0
MXNDKK,20170601,0.3555,0.3575,0.3531,0.3554,0
MXNEUR,20170601,0.0478,0.0481,0.0475,0.0478,0
MXNGBP,20170601,0.0417,0.042,0.0414,0.0416,0
MXNHKD,20170601,0.4161,0.4198,0.415,0.4177,0
MXNJPY,20170601,5.918,6,5.899,5.972,0
MXNSGD,20170601,0.074,0.0747,0.0737,0.0743,0
MXNUSD,20170601,0.0534,0.0539,0.0533,0.0536,0
MXNZAR,20170601,0.6999,0.707,0.6894,0.6914,0
MYRAUD,20170601,0.3135,0.3168,0.3132,0.3156,0
MYRCAD,20170601,0.315,0.3163,0.3141,0.3148,0
MYRCHF,20170601,0.2282,0.2284,0.2258,0.2262,0
MYRCNH,20170601,1.594,1.594,1.594,1.594,0
MYRCNY,20170601,1.6014,1.6018,1.5809,1.5839,0
MYRDKK,20170601,1.5536,1.5565,1.5404,1.5455,0
MYREUR,20170601,0.2088,0.2092,0.2071,0.2078,0
MYRGBP,20170601,0.1826,0.183,0.1807,0.1808,0
MYRHKD,20170601,1.8225,1.8268,1.8143,1.8153,0
MYRIDR,20170601,3063,3064.1,3049,3059.7,0
MYRINR,20170601,15.099,15.108,14.999,15.001,0
MYRJPY,20170601,25.921,26.005,25.829,25.947,0
MYRKRW,20170601,262.79,262.79,260.88,261.1,0
MYRNZD,20170601,0.3294,0.3302,0.3282,0.33,0
MYRPKR,20170601,24.463,24.467,24.463,24.464,0
MYRSGD,20170601,0.359,0.359,0.3225,0.3229,0
MYRTHB,20170601,7.9732,7.9862,7.9433,7.9476,0
MYRTWD,20170601,6.834,6.834,6.8139,6.8242,0
MYRUSD,20170601,0.2333,0.2337,0.2329,0.2331,0
MYRZAR,20170601,3.0677,3.0839,2.9974,2.9974,0
NGNGBP,20170601,0.0024,0.0025,0.0024,0.0025,0
NGNJPY,20170601,0.3405,0.3539,0.3403,0.3539,0
NIOGBP,20170601,0.0263,0.0263,0.0259,0.026,0
NOKCAD,20170601,0.1594,0.1606,0.159,0.1599,0
NOKCHF,20170601,11.546,11.558,11.441,11.489,0
NOKCNH,20170601,0.809,0.809,0.809,0.809,0
NOKDKK,20170601,0.7879,0.7887,0.7827,0.7847,0
NOKEUR,20170601,0.1059,0.106,0.1052,0.1055,0
NOKGBP,20170601,0.0924,0.0927,0.0916,0.0918,0
NOKINR,20170601,7.6475,7.6666,7.6061,7.6192,0
NOKISK,20170601,11.8222,11.8237,11.6498,11.6498,0
NOKJPY,20170601,13.114,13.2021,13.0848,13.1821,0
NOKLVL,20170601,0.0833,0.0833,0.0833,0.0833,0
NOKPLN,20170601,0.4423,0.444,0.4399,0.4423,0
NOKSEK,20170601,1.033,1.0347,1.0259,1.0268,0
NOKUSD,20170601,0.1183,0.1189,0.118,0.1183,0
NOKZAR,20170601,1.5526,1.5663,1.5216,1.5273,0
NZDAED,20170601,2.6018,2.608,2.5913,2.5925,0
NZDAUD,20170601,0.9498,0.9581,0.9489,0.9567,0
NZDCAD,20170601,0.9543,0.96,0.9518,0.9548,0
NZDCHF,20170601,0.6912,0.6943,0.6834,0.6859,0
NZDCNH,20170601,4.838,4.863,4.752,4.772,0
NZDCNY,20170601,4.8508,4.8629,4.7907,4.8033,0
NZDCZK,20170601,16.769,16.849,16.53,16.56,0
NZDDKK,20170601,4.7165,4.7369,4.6684,4.6841,0
NZDEUR,20170601,0.634,0.6368,0.6278,0.6297,0
NZDGBP,20170601,0.5531,0.5557,0.5474,0.5482,0
NZDHKD,20170601,5.5203,5.5465,5.4984,5.5047,0
NZDHUF,20170601,195,195.97,193.2,193.79,0
NZDIDR,20170601,9280.7,9316.2,9244.2,9276.8,0
NZDINR,20170601,45.735,45.902,45.43,45.506,0
NZDJPY,20170601,78.51,78.958,78.305,78.673,0
NZDKRW,20170601,796.13,796.68,790.45,791.76,0
NZDMXN,20170601,13.261,13.338,13.1008,13.1716,0
NZDMYR,20170601,3.0334,3.0449,3.0255,3.0281,0
NZDNOK,20170601,5.9841,6.0096,5.9468,5.9683,0
NZDPHP,20170601,35.222,35.382,35.018,35.072,0
NZDPKR,20170601,74.339,74.382,74.339,74.353,0
NZDPLN,20170601,2.6457,2.6576,2.6229,2.6398,0
NZDSEK,20170601,6.1841,6.2132,6.1234,6.1296,0
NZDSGD,20170601,0.982,0.9861,0.9775,0.9793,0
NZDTHB,20170601,24.17,24.266,24.075,24.118,0
NZDTRY,20170601,2.5162,2.5253,2.4867,2.4938,0
NZDTWD,20170601,20.696,20.705,20.655,20.661,0
NZDUSD,20170601,0.7084,0.7122,0.7056,0.7065,0
NZDZAR,20170601,9.2929,9.3701,9.0789,9.0858,0
OMRAED,20170601,9.5352,9.5381,9.5221,9.5375,0
OMRGBP,20170601,2.0206,2.022,2.0055,2.0094,0
OMRPKR,20170601,271.76,272.09,271.76,272.09,0
OMRUSD,20170601,2.5886,2.5895,2.585,2.5892,0
OMRZAR,20170601,34.038,34.2738,33.3977,33.5039,0
PENGBP,20170601,0.238,0.2391,0.2368,0.237,0
PGKGBP,20170601,0.2412,0.2412,0.2389,0.2389,0
PHPAUD,20170601,0.0268,0.0273,0.0268,0.0272,0
PHPDKK,20170601,0.1333,0.1335,0.1325,0.1328,0
PHPGBP,20170601,0.0156,0.0157,0.0155,0.0155,0
PHPJPY,20170601,2.217,2.2408,2.2146,2.2308,0
PHPNZD,20170601,0.0282,0.0285,0.0282,0.0284,0
PHPUSD,20170601,0.0201,0.0201,0.0201,0.0201,0
PKRGBP,20170601,0.0074,0.0074,0.0074,0.0074,0
PKRJPY,20170601,1.0564,1.058,1.0564,1.058,0
PKRZAR,20170601,0.125,0.1262,0.1226,0.1226,0
PLNCHF,20170601,0.2609,0.2615,0.2589,0.2595,0
PLNCOP,20170601,777.44,784.11,777.21,780.37,0
PLNCZK,20170601,6.333,6.346,6.264,6.273,0
PLNDKK,20170601,1.7804,1.7843,1.7688,1.7726,0
PLNEUR,20170601,0.2393,0.2399,0.2378,0.2383,0
PLNGBP,20170601,0.2088,0.2096,0.2068,0.2074,0
PLNHUF,20170601,73.724,73.874,73.208,73.376,0
PLNILS,20170601,0.948,0.9543,0.9468,0.9497,0
PLNJPY,20170601,29.639,29.888,29.621,29.785,0
PLNNOK,20170601,2.2608,2.2721,2.2507,2.2592,0
PLNRUB,20170601,15.137,15.3095,14.9921,15.0843,0
PLNSEK,20170601,2.3344,2.3467,2.3168,2.3205,0
PLNUSD,20170601,0.2674,0.2692,0.2665,0.2673,0
QARAED,20170601,1.0082,1.0083,1.0079,1.008,0
QARGBP,20170601,0.2143,0.2144,0.213,0.213,0
QARPKR,20170601,28.77,28.77,28.77,28.77,0
QARUSD,20170601,0.2745,0.2745,0.2745,0.2745,0
QARZAR,20170601,3.6017,3.625,3.5302,3.5333,0
RONCHF,20170601,0.2385,0.2385,0.2376,0.2381,0
RONGBP,20170601,0.1907,0.1914,0.1899,0.1905,0
RONPLN,20170601,0.9128,0.9192,0.9125,0.917,0
RONUSD,20170601,0.244,0.246,0.244,0.2454,0
RSDUSD,20170601,0.0091,0.0092,0.0091,0.0092,0
RUBCHF,20170601,0.0173,0.0173,0.017,0.0172,0
RUBGBP,20170601,0.0138,0.0138,0.0136,0.0138,0
RUBJPY,20170601,1.9579,1.9809,1.9415,1.9743,0
RUBKRW,20170601,19.871,19.956,19.637,19.874,0
RUBLVL,20170601,0.016,0.016,0.016,0.016,0
RUBPLN,20170601,0.0661,0.0667,0.0653,0.0663,0
RUBUSD,20170601,0.0177,0.0178,0.0176,0.0177,0
SAREUR,20170601,0.2384,0.2385,0.2368,0.2375,0
SARPKR,20170601,27.931,27.932,27.93,27.932,0
SARUSD,20170601,0.2663,0.2666,0.2663,0.2664,0
SCRGBP,20170601,0.0538,0.0542,0.0538,0.0539,0
SCRUSD,20170601,0.0689,0.0696,0.0689,0.0695,0
SEKAUD,20170601,0.1535,0.1562,0.1531,0.156,0
SEKCAD,20170601,0.1542,0.1558,0.1538,0.1557,0
SEKCHF,20170601,11.17,11.19,11.08,11.19,0
SEKCNH,20170601,0.782,0.782,0.782,0.782,0
SEKCZK,20170601,2.7125,2.7165,2.6905,2.7035,0
SEKDKK,20170601,0.7624,0.7638,0.7599,0.7638,0
SEKEUR,20170601,0.1025,0.1027,0.1021,0.1027,0
SEKGBP,20170601,0.0894,0.0896,0.0891,0.0894,0
SEKILS,20170601,0.4057,0.409,0.4053,0.409,0
SEKINR,20170601,7.403,7.435,7.3784,7.4135,0
SEKISK,20170601,11.428,11.435,11.321,11.322,0
SEKJPY,20170601,12.6907,12.8339,12.6831,12.8339,0
SEKLVL,20170601,0.0786,0.0786,0.0786,0.0786,0
SEKNOK,20170601,0.9675,0.9739,0.9661,0.9733,0
SEKPLN,20170601,0.428,0.4313,0.4259,0.4305,0
SEKUSD,20170601,0.1145,0.1153,0.1143,0.1152,0
SEKZAR,20170601,1.5015,1.5208,1.4802,1.4862,0
SGDAED,20170601,2.648,2.655,2.648,2.648,0
SGDARS,20170601,11.643,11.6813,11.5545,11.5756,0
SGDAUD,20170601,0.967,0.9782,0.9654,0.9771,0
SGDBRL,20170601,2.3473,2.3535,2.3208,2.3421,0
SGDCAD,20170601,0.9715,0.9778,0.9706,0.9749,0
SGDCHF,20170601,0.7038,0.7055,0.6988,0.7003,0
SGDCNH,20170601,4.929,4.929,4.929,4.929,0
SGDCNY,20170601,4.9384,4.9407,4.8932,4.9038,0
SGDDKK,20170601,4.802,4.8123,4.7734,4.7845,0
SGDEUR,20170601,0.6455,0.6469,0.6417,0.6432,0
SGDGBP,20170601,0.5631,0.5658,0.5587,0.5597,0
SGDHKD,20170601,5.6202,5.6365,5.616,5.6202,0
SGDIDR,20170601,9448.2,9479.6,9440.5,9471.1,0
SGDINR,20170601,46.56,46.644,46.409,46.461,0
SGDJPY,20170601,79.942,80.393,79.932,80.382,0
SGDKRW,20170601,810.53,810.53,807.54,808.35,0
SGDMXN,20170601,13.5014,13.5701,13.3808,13.4492,0
SGDMYR,20170601,3.088,3.1007,3.0845,3.0912,0
SGDNZD,20170601,1.0178,1.0225,1.0138,1.0214,0
SGDPKR,20170601,75.667,75.747,75.667,75.736,0
SGDPLN,20170601,2.6937,2.7044,2.6813,2.6949,0
SGDSEK,20170601,6.2948,6.3179,6.2576,6.2596,0
SGDTHB,20170601,24.589,24.65,24.552,24.604,0
SGDTWD,20170601,21.716,21.772,21.687,21.738,0
SGDUSD,20170601,0.7212,0.7235,0.7209,0.7213,0
SGDZAR,20170601,9.4518,9.5426,9.2719,9.3013,0
SHPUSD,20170601,0.5509,0.5509,0.5509,0.5509,0
SLLUSD,20170601,0.0001,0.0001,0.0001,0.0001,0
SZLCHF,20170601,0.0735,0.0735,0.0732,0.0734,0
SZLEUR,20170601,0.0674,0.0674,0.0673,0.0674,0
SZLGBP,20170601,0.0588,0.0588,0.0587,0.0587,0
SZLUSD,20170601,0.0754,0.0756,0.0754,0.0756,0
THBAUD,20170601,0.0393,0.0397,0.0392,0.0397,0
THBCAD,20170601,0.0395,0.0397,0.0394,0.0396,0
THBCHF,20170601,0.0286,0.0287,0.0283,0.0284,0
THBCNY,20170601,0.2007,0.2007,0.1987,0.1991,0
THBEUR,20170601,0.0262,0.0262,0.026,0.0261,0
THBGBP,20170601,0.0229,0.023,0.0227,0.0227,0
THBHKD,20170601,0.2284,0.2291,0.2277,0.228,0
THBIDR,20170601,383.81,384.912,383.27,384.512,0
THBINR,20170601,1.8936,1.8958,1.8834,1.8857,0
THBJPY,20170601,3.2481,3.2628,3.2475,3.2618,0
THBKRW,20170601,32.928,32.928,32.783,32.819,0
THBMYR,20170601,0.1255,0.126,0.1253,0.1255,0
THBNZD,20170601,0.0414,0.0415,0.0412,0.0414,0
THBPKR,20170601,3.07,3.076,3.07,3.0753,0
THBSGD,20170601,0.0406,0.0407,0.0405,0.0406,0
THBTWD,20170601,0.8551,0.857,0.8551,0.857,0
THBUSD,20170601,0.0293,0.0294,0.0293,0.0293,0
THBZAR,20170601,0.3844,0.3876,0.3766,0.3767,0
TNDGBP,20170601,0.3205,0.3224,0.3158,0.3183,0
TNDUSD,20170601,0.4105,0.4127,0.4002,0.4049,0
TRYCHF,20170601,0.2744,0.2759,0.2733,0.2749,0
TRYDKK,20170601,1.8724,1.8836,1.8688,1.8775,0
TRYJPY,20170601,31.168,31.593,31.165,31.528,0
TRYPLN,20170601,1.0503,1.0626,1.05,1.0579,0
TRYUSD,20170601,0.2812,0.2837,0.2812,0.2832,0
TRYZAR,20170601,3.6865,3.7365,3.6429,3.6429,0
TTDGBP,20170601,0.1141,0.1141,0.1134,0.1134,0
TWDAUD,20170601,0.0445,0.045,0.0444,0.0449,0
TWDCAD,20170601,0.0447,0.045,0.0447,0.0448,0
TWDCHF,20170601,0.0324,0.0324,0.0322,0.0322,0
TWDCNY,20170601,0.2274,0.2274,0.225,0.2256,0
TWDDKK,20170601,0.2147,0.2147,0.2137,0.2137,0
TWDGBP,20170601,0.0259,0.026,0.0257,0.0257,0
TWDHKD,20170601,0.2588,0.2598,0.2581,0.2585,0
TWDIDR,20170601,434.88,435.63,434.88,435.63,0
TWDINR,20170601,2.14,2.1442,2.1343,2.1382,0
TWDJPY,20170601,3.68,3.699,3.676,3.694,0
TWDKRW,20170601,37.31,37.31,37.1,37.178,0
TWDMYR,20170601,0.1422,0.1425,0.1417,0.1424,0
TWDNZD,20170601,0.0469,0.047,0.0466,0.047,0
TWDPKR,20170601,3.4711,3.4789,3.4711,3.4789,0
TWDSEK,20170601,0.2898,0.2908,0.2878,0.2879,0
TWDSGD,20170601,0.046,0.0461,0.0459,0.046,0
TWDTHB,20170601,1.132,1.1349,1.1288,1.1318,0
TWDUSD,20170601,0.0332,0.0332,0.0331,0.0332,0
TWDZAR,20170601,0.4356,0.4392,0.4264,0.4269,0
TZSZAR,20170601,0.0059,0.0059,0.0058,0.0058,0
UAHDKK,20170601,0.2508,0.2508,0.2496,0.2496,0
UAHEUR,20170601,0.0337,0.0337,0.0336,0.0336,0
UAHPLN,20170601,0.1422,0.1423,0.1414,0.1421,0
UAHUSD,20170601,0.0377,0.0377,0.0376,0.0376,0
USDAED,20170601,3.6721,3.6724,3.6719,3.672,0
USDAFN,20170601,67.163,67.453,67.163,67.453,0
USDALL,20170601,119.8,119.8,117.12,117.36,0
USDAMD,20170601,453.36,482.14,453.36,456.11,0
USDARS,20170601,16.142,16.1787,16.0001,16.0468,0
USDAUD,20170601,1.3406,1.3562,1.3375,1.3545,0
USDAWG,20170601,1.793,1.793,1.791,1.791,0
USDBDT,20170601,78.939,79.342,78.939,79.297,0
USDBGN,20170601,1.7406,1.7464,1.7298,1.7356,0
USDBHD,20170601,0.3744,0.3745,0.3737,0.3745,0
USDBIF,20170601,1695.3,1702.4,1695.3,1702.4,0
USDBMD,20170601,1,1,1,1,0
USDBND,20170601,1.3597,1.3864,1.3564,1.3646,0
USDBOB,20170601,6.7521,6.7805,6.7521,6.7805,0
USDBRL,20170601,3.2562,3.2571,3.2202,3.2491,0
USDBWP,20170601,10.136,10.1412,10.102,10.126,0
USDBZD,20170601,1.9597,1.9679,1.9597,1.9679,0
USDCAD,20170601,1.3471,1.3527,1.3436,1.3515,0
USDCDF,20170601,1400,1400.2,1400,1400,0
USDCHF,20170601,0.9758,0.9761,0.9666,0.9709,0
USDCLP,20170601,674.4,674.64,660.87,672.13,0
USDCNH,20170601,6.8263,6.8369,6.7229,6.7586,0
USDCNY,20170601,6.8547,6.8563,6.7849,6.8063,0
USDCOP,20170601,2917.3,2925.5,2892.4,2893.5,0
USDCRC,20170601,562.88,562.88,558.47,559.24,0
USDCUP,20170601,0.97,0.9747,0.97,0.9747,0
USDCVE,20170601,98.587,98.587,98.059,98.331,0
USDCZK,20170601,23.6719,23.7129,23.4032,23.4503,0
USDDJF,20170601,177.72,177.78,177.72,177.72,0
USDDKK,20170601,6.6578,6.6629,6.6074,6.6307,0
USDDOP,20170601,46.414,46.607,46.414,46.607,0
USDDZD,20170601,108.05,108.153,107.754,107.869,0
USDEGP,20170601,17.977,18.1222,17.9681,17.9736,0
USDETB,20170601,22.72,22.816,22.72,22.816,0
USDEUR,20170601,0.895,0.8956,0.8883,0.8912,0
USDFJD,20170601,2.0781,2.0781,2.0557,2.0773,0
USDGBP,20170601,0.7807,0.7831,0.774,0.776,0
USDGEL,20170601,2.391,2.396,1.765,1.765,0
USDGHS,20170601,4.2658,4.2882,4.2617,4.2882,0
USDGMD,20170601,44.9,44.94,44.9,44.94,0
USDGNF,20170601,9003.1,9011.8,8999.6,9011.8,0
USDGTQ,20170601,7.1505,7.1845,7.1505,7.1845,0
USDHKD,20170601,7.7921,7.7939,7.786,7.7916,0
USDHNL,20170601,23.43,23.43,23.01,23.083,0
USDHRK,20170601,6.6342,6.6404,6.5874,6.6076,0
USDHTG,20170601,67.477,67.692,67.477,67.692,0
USDHUF,20170601,275.36,275.878,273.48,274.506,0
USDIDR,20170601,13319,13325,13079,13130,0
USDILS,20170601,3.5419,3.5554,3.5272,3.5474,0
USDINR,20170601,64.6186,64.6186,64.3435,64.3725,0
USDIQD,20170601,1137.9,1142.7,1137.9,1142.7,0
USDIRR,20170601,32451,32451,32449,32449,0
USDISK,20170601,99.71,99.777,98.28,98.301,0
USDJOD,20170601,0.7075,0.7075,0.707,0.7072,0
USDJPY,20170601,110.838,111.478,110.486,111.446,0
USDKES,20170601,101.51,101.65,101.497,101.639,0
USDKHR,20170601,4045,4045,3971.2,3987.5,0
USDKMF,20170601,439.7,439.7,439.7,439.7,0
USDKRW,20170601,1123.88,1123.88,1116.7,1120.86,0
USDKWD,20170601,0.303,0.3032,0.3029,0.3032,0
USDKZT,20170601,308.39,310.44,308.39,310.35,0
USDLAK,20170601,8188,8188,7968.7,7998.9,0
USDLBP,20170601,1510,1510,1468.3,1474.5,0
USDLKR,20170601,149.4,152.73,149.22,149.97,0
USDLRD,20170601,92,92,92,92,0
USDLSL,20170601,13.12,13.12,12.831,12.843,0
USDLYD,20170601,1.3663,1.3709,1.3663,1.3709,0
USDMAD,20170601,9.5062,9.7284,9.506,9.7193,0
USDMDL,20170601,17.884,17.995,17.884,17.995,0
USDMKD,20170601,54.77,54.803,54.354,54.497,0
USDMMK,20170601,1344.9,1348.1,1344.9,1346,0
USDMOP,20170601,7.826,7.858,7.824,7.858,0
USDMRO,20170601,353.2,354.67,353.2,354.67,0
USDMUR,20170601,33.51,33.52,33.392,33.398,0
USDMVR,20170601,15.41,15.41,15.4,15.4,0
USDMWK,20170601,711,723.44,711,723.44,0
USDMXN,20170601,18.7083,18.7685,18.5518,18.6482,0
USDMYR,20170601,4.281,4.2883,4.2752,4.2855,0
USDNAD,20170601,13.11,13.1127,12.831,12.843,0
USDNGN,20170601,324,324,311.22,312.48,0
USDNIO,20170601,29.251,29.372,29.251,29.372,0
USDNOK,20170601,8.4483,8.4755,8.4073,8.4527,0
USDNPR,20170601,101.61,101.88,101.44,101.88,0
USDNZD,20170601,1.4112,1.4165,1.404,1.4157,0
USDOMR,20170601,0.3836,0.3842,0.3835,0.3836,0
USDPAB,20170601,0.9749,0.979,0.9749,0.979,0
USDPEN,20170601,3.278,3.2809,3.202,3.2033,0
USDPGK,20170601,3.283,3.283,3.0944,3.1069,0
USDPHP,20170601,49.82,49.8331,49.5959,49.6763,0
USDPKR,20170601,104.75,104.75,103.12,103.54,0
USDPLN,20170601,3.7372,3.7504,3.7124,3.737,0
USDPYG,20170601,5464.6,5478.7,5456.8,5478.7,0
USDQAR,20170601,3.6395,3.6395,3.6378,3.6382,0
USDRON,20170601,4.0877,4.0881,4.0569,4.0677,0
USDRSD,20170601,109.18,109.506,108.372,108.716,0
USDRUB,20170601,56.541,56.921,56.149,56.38,0
USDRWF,20170601,810,831.98,810,831.98,0
USDSAR,20170601,3.7457,3.7499,3.7456,3.7458,0
USDSCR,20170601,12.725,12.7251,12.5882,12.6146,0
USDSDD,20170601,661.36,664.06,661.36,664.06,0
USDSEK,20170601,8.73,8.7442,8.6718,8.676,0
USDSGD,20170601,1.3862,1.3869,1.3819,1.3866,0
USDSHP,20170601,1.8152,1.8152,1.8152,1.8152,0
USDSKK,20170601,21.292,21.292,21.292,21.292,0
USDSLL,20170601,7495,7495,7488,7488,0
USDSOS,20170601,549,549,541.4,543.5,0
USDSTD,20170601,21550,21848,21550,21848,0
USDSVC,20170601,8.5115,8.5476,8.5115,8.5476,0
USDSYP,20170601,213.97,213.97,213.97,213.97,0
USDSZL,20170601,13.135,13.135,12.864,12.875,0
USDTHB,20170601,34.116,34.1851,33.9613,34.13,0
USDTND,20170601,2.426,2.4599,2.3681,2.4592,0
USDTRY,20170601,3.5515,3.5515,3.5232,3.5299,0
USDTWD,20170601,30.098,30.1482,30.0618,30.0923,0
USDTZS,20170601,2185.1,2235,2185.1,2196.2,0
USDUAH,20170601,25.984,26.041,25.973,26.041,0
USDUYU,20170601,27.73,27.756,27.643,27.756,0
USDUZS,20170601,3834.5,3834.5,3804.1,3820,0
USDVEF,20170601,9.97,10.1174,9.9691,10.1174,0
USDVND,20170601,22290,22380,22290,22380,0
USDXAF,20170601,586.47,586.47,583.38,584.96,0
USDXOF,20170601,586.47,586.47,583.39,584.96,0
USDXPF,20170601,106.63,106.639,106.07,106.35,0
USDYER,20170601,249.75,249.75,249.7,249.71,0
USDZAR,20170601,13.1094,13.2051,12.8554,12.8747,0
UYUEUR,20170601,0.0312,0.0312,0.031,0.031,0
UYUUSD,20170601,0.0348,0.0348,0.0347,0.0347,0
UZSCHF,20170601,0.0003,0.0003,0.0003,0.0003,0
VEFEUR,20170601,0.0895,0.0895,0.0895,0.0895,0
VEFUSD,20170601,0.1,0.1002,0.0988,0.0988,0
VNDJPY,20170601,0.0048,0.0048,0.0048,0.0048,0
VNDXAF,20170601,0.0259,0.0259,0.0257,0.0257,0
XAGAUD,20170601,23.22,23.44,23.04,23.3,0
XAGBRL,20170601,56.57,56.57,55,56,0
XAGCAD,20170601,23.3925,23.5215,23.0299,23.2925,0
XAGCNY,20170601,119.06,119.06,116.12,117.3,0
XAGEUR,20170601,15.53,15.53,15.17,15.35,0
XAGGBP,20170601,13.53,13.53,13.22,13.35,0
XAGIDR,20170601,2313.87,2315.18,2270.14,2289.97,0
XAGINR,20170601,1120.05,1120.05,1097.25,1107.5,0
XAGJPY,20170601,1921.21,1925.53,1896.68,1916.27,0
XAGKRW,20170601,195.16,195.17,191.55,193.33,0
XAGMXN,20170601,325.21,326.39,318.03,321.37,0
XAGRUB,20170601,982.62,987.7,965.09,971.92,0
XAGSAR,20170601,65.13,65.28,63.99,64.61,0
XAGTRY,20170601,61.6679,61.6679,60.4146,60.8402,0
XAGUSD,20170601,17.357,17.412,17.021,17.229,0
XAGZAR,20170601,227.1,228.83,221.42,221.91,0
XAUAUD,20170601,1690.4,1719.6,1686.6,1713.7,0
XAUBRL,20170601,4112.2,4132.2,4069.6,4113.4,0
XAUCAD,20170601,1700.24,1720.65,1695.25,1710.45,0
XAUCNY,20170601,8654.6,8682.5,8594.9,8613.1,0
XAUEUR,20170601,1129.71,1133.39,1124.94,1127.9,0
XAUGBP,20170601,984.5,987.8,978.7,980.9,0
XAUIDR,20170601,168188.8,169255.6,167814.5,168158.7,0
XAUINR,20170601,81496.4,81976.4,81251.9,81410,0
XAUJPY,20170601,139843.6,141166.9,139843.6,140913.3,0
XAUKRW,20170601,14191.89,14256.32,14108.79,14196.61,0
XAUMXN,20170601,23638.42,23767.69,23452.55,23599.68,0
XAUPLN,20170601,4717.3,4743,4698.1,4730.7,0
XAURUB,20170601,71421.65,72212.13,71046.54,71369.5,0
XAUSAR,20170601,4733.8,4774.3,4724.2,4745.7,0
XAUUSD,20170601,1262.12,1273.47,1259.63,1265.43,0
XAUZAR,20170601,16530.7,16711.2,16272.3,16311.9,0
XCDGBP,20170601,0.2874,0.2879,0.2852,0.2856,0
XPDEUR,20170601,718.08,733.97,716.7,731.34,0
XPDGBP,20170601,627.03,638.98,626.04,636.89,0
XPDUSD,20170601,804.78,824.68,803.16,821.67,0
XPFGBP,20170601,0.0073,0.0073,0.0072,0.0073,0
XPTEUR,20170601,838.1,843.93,825.66,828.59,0
XPTGBP,20170601,731.72,736.52,718.28,721.15,0
XPTUSD,20170601,937.04,948.03,924.41,929.5,0
YERUSD,20170601,0.004,0.004,0.004,0.004,0
ZARAED,20170601,0.2799,0.2854,0.278,0.285,0
ZARARS,20170601,1.2307,1.2454,1.2232,1.2447,0
ZARAUD,20170601,0.1022,0.1054,0.1018,0.1051,0
ZARBRL,20170601,0.2482,0.2517,0.2455,0.2517,0
ZARBWP,20170601,0.7842,0.7983,0.7758,0.7966,0
ZARCAD,20170601,0.1026,0.1051,0.1022,0.1049,0
ZARCHF,20170601,0.0744,0.0755,0.0733,0.0754,0
ZARCNY,20170601,0.522,0.528,0.5169,0.5274,0
ZARCYP,20170601,0.0399,0.0406,0.0394,0.0405,0
ZARDKK,20170601,0.5074,0.5156,0.5008,0.5143,0
ZAREUR,20170601,0.0682,0.0693,0.0674,0.0692,0
ZARGBP,20170601,0.0595,0.0603,0.0587,0.0602,0
ZARHKD,20170601,0.5938,0.6057,0.5899,0.6049,0
ZARIDR,20170601,998.5,1020.4,993.1,1018.3,0
ZARINR,20170601,4.921,4.9998,4.8861,4.9909,0
ZARJPY,20170601,8.445,8.643,8.262,8.588,0
ZARKES,20170601,7.741,7.878,7.717,7.878,0
ZARKRW,20170601,85.659,87.0094,84.9722,86.9318,0
ZARMUR,20170601,2.5554,2.5888,2.5471,2.5888,0
ZARMXN,20170601,1.4266,1.4486,1.4129,1.4468,0
ZARMYR,20170601,0.33,0.33,0.33,0.33,0
ZARNOK,20170601,0.6438,0.6567,0.6381,0.6556,0
ZARNZD,20170601,0.1075,0.11,0.1066,0.1098,0
ZAROMR,20170601,0.0293,0.0299,0.0291,0.0299,0
ZARPHP,20170601,3.7967,3.8676,3.7717,3.8631,0
ZARPKR,20170601,7.998,8.147,7.917,8.142,0
ZARPLN,20170601,0.2846,0.2906,0.2817,0.2899,0
ZARSEK,20170601,0.6653,0.6748,0.6572,0.6734,0
ZARSGD,20170601,0.1056,0.1078,0.1047,0.1076,0
ZARTHB,20170601,2.599,2.6493,2.5822,2.6468,0
ZARTRY,20170601,0.2706,0.2741,0.2673,0.274,0
ZARTWD,20170601,2.2221,2.2674,2.2215,2.2674,0
ZARUSD,20170601,0.0762,0.0777,0.0757,0.0776,0
ZMKZAR,20170601,0.0026,0.0026,0.0026,0.0026,0
